DISCOUNT_YEAR <- 2000L
