DISCOUNT_YEAR <- 2000L

MIN_LOSS_YEAR <- 1994
MAX_LOSS_YEAR <- 2023
